UNITS MIL,10000;
EDIT proj;
ADD P1 :W0.000000  338.7976,492.6111 348.7976,502.6111 390.9976,502.6111 391.4159,502.6294 391.8311,502.6840 392.2399,502.7747 392.6393,502.9006 393.0262,503.0608 393.3976,503.2542 393.7508,503.4792 394.0830,503.7341 394.3917,504.0170 394.6746,504.3257 394.9295,504.6579 395.1545,505.0111 395.3479,505.3825 395.5081,505.7694 395.6340,506.1688 395.7247,506.5776 395.7793,506.9928 395.7976,507.4111 395.7976,508.8111 395.7793,509.2294 395.7247,509.6446 395.6340,510.0534 395.5081,510.4528 395.3479,510.8397 395.1545,511.2111 394.9295,511.5643 394.6746,511.8965 394.3917,512.2052 394.0830,512.4881 393.7508,512.7430 393.3976,512.9680 393.0262,513.1614 392.6393,513.3216 392.2399,513.4475 391.8311,513.5382 391.4159,513.5928 390.9976,513.6111 86.8577,513.6111 86.8577,492.6111;
  BEGIN_ASSOC
    ADD N1 :F1.000000 :R0 :T12345 'net=P10' 0.00, 0.00;
  END_ASSOC
ADD P1 :W0.000000  3.7976,492.6111 66.8577,492.6111 66.8577,513.6111 3.7976,513.6111;
  BEGIN_ASSOC
    ADD N1 :F1.000000 :R0 :T12345 'net=P2' 0.00, 0.00;
  END_ASSOC
ADD P1 :W0.000000  607.7168,521.4851 1003.7976,521.4851 1003.7976,542.4851 607.7168,542.4851;
  BEGIN_ASSOC
    ADD N1 :F1.000000 :R0 :T12345 'net=P7' 0.00, 0.00;
  END_ASSOC
ADD P1 :W0.000000  522.8743,562.6265 522.8743,552.6265 529.8743,552.6265 529.8743,542.4851 524.9281,542.4851 514.9281,532.4851 476.5976,532.4851 476.1793,532.4668 475.7641,532.4122 475.3553,532.3215 474.9559,532.1956 474.5690,532.0354 474.1976,531.8420 473.8444,531.6170 473.5122,531.3621 473.2035,531.0792 472.9206,530.7705 472.6657,530.4383 472.4407,530.0851 472.2473,529.7137 472.0871,529.3268 471.9612,528.9274 471.8705,528.5186 471.8159,528.1034 471.7976,527.6851 471.7976,526.2851 471.8159,525.8668 471.8705,525.4516 471.9612,525.0428 472.0871,524.6434 472.2473,524.2565 472.4407,523.8851 472.6657,523.5319 472.9206,523.1997 473.2035,522.8910 473.5122,522.6081 473.8444,522.3532 474.1976,522.1282 474.5690,521.9348 474.9559,521.7746 475.3553,521.6487 475.7641,521.5580 476.1793,521.5034 476.5976,521.4851 587.7168,521.4851 587.7168,542.4851 540.8743,542.4851 540.8743,552.6265 552.8743,552.6265 552.8743,562.6265;
  BEGIN_ASSOC
    ADD N1 :F1.000000 :R0 :T12345 'net=P5' 0.00, 0.00;
  END_ASSOC
SAVE;
